21
XM_008584165.1_380-1733 0.0000000 0.0468373 0.0468373 0.0481091 0.0468373 0.0482025 0.0481557 0.0468373 0.0468373 0.0507574 0.0481557 0.0494309 0.0494309 0.0455677 0.0495271 0.0482025 0.0457002 0.0443858 0.0507574 0.0679075 0.0574067 
XM_015114598.2_380-1733 0.0468373 0.0000000 0.0000010 0.0035757 0.0047714 0.0156453 0.0156308 0.0023819 0.0023819 0.0059796 0.0059741 0.0047755 0.0071745 0.0035757 0.0168779 0.0156453 0.0132297 0.0458336 0.0156453 0.0642295 0.0563339 
XM_005578346.2_380-1733 0.0468373 0.0000010 0.0000000 0.0035757 0.0047714 0.0156453 0.0156308 0.0023819 0.0023819 0.0059796 0.0059741 0.0047755 0.0071745 0.0035757 0.0168779 0.0156453 0.0132297 0.0458336 0.0156453 0.0642295 0.0563339 
XM_011964715.1_380-1733 0.0481091 0.0035757 0.0035757 0.0000000 0.0035757 0.0168622 0.0168464 0.0059690 0.0059690 0.0095900 0.0095811 0.0083769 0.0107872 0.0071685 0.0180978 0.0168622 0.0144438 0.0496722 0.0168622 0.0655439 0.0589357 
XM_012031697.1_380-1733 0.0468373 0.0047714 0.0047714 0.0035757 0.0000000 0.0156453 0.0156308 0.0047714 0.0047714 0.0083846 0.0083769 0.0071745 0.0095811 0.0059690 0.0168779 0.0156453 0.0132297 0.0483906 0.0156453 0.0642295 0.0576337 
XM_002821931.2_380-1733 0.0482025 0.0156453 0.0156453 0.0168622 0.0156453 0.0000000 0.0071745 0.0156453 0.0156453 0.0193377 0.0168779 0.0180978 0.0180978 0.0144304 0.0156599 0.0144304 0.0168779 0.0483906 0.0168622 0.0668605 0.0615463 
XM_032166370.1_380-1733 0.0481557 0.0156308 0.0156308 0.0168464 0.0156308 0.0071745 0.0000000 0.0156308 0.0156308 0.0193196 0.0168622 0.0180809 0.0180809 0.0168464 0.0156453 0.0144170 0.0168622 0.0509062 0.0168464 0.0694307 0.0588774 
XM_017948537.3_380-1733 0.0468373 0.0023819 0.0023819 0.0059690 0.0047714 0.0156453 0.0156308 0.0000000 0.0000010 0.0059796 0.0059741 0.0047755 0.0071745 0.0035757 0.0144438 0.0156453 0.0132297 0.0458336 0.0156453 0.0642295 0.0550362 
XM_025358305.1_380-1733 0.0468373 0.0023819 0.0023819 0.0059690 0.0047714 0.0156453 0.0156308 0.0000010 0.0000000 0.0059796 0.0059741 0.0047755 0.0071745 0.0035757 0.0144438 0.0156453 0.0132297 0.0458336 0.0156453 0.0642295 0.0550362 
XM_033205475.1_380-1733 0.0507574 0.0059796 0.0059796 0.0095900 0.0083846 0.0193377 0.0193196 0.0059796 0.0059796 0.0000000 0.0047755 0.0035788 0.0059741 0.0071812 0.0205819 0.0193377 0.0169093 0.0484852 0.0193377 0.0669943 0.0590526 
XM_010374529.2_380-1733 0.0481557 0.0059741 0.0059741 0.0095811 0.0083769 0.0168779 0.0168622 0.0059741 0.0059741 0.0047755 0.0000000 0.0035757 0.0011900 0.0071745 0.0181147 0.0168779 0.0144573 0.0471570 0.0168779 0.0642936 0.0576907 
XM_011936307.1_380-1733 0.0494309 0.0047755 0.0047755 0.0083769 0.0071745 0.0180978 0.0180809 0.0047755 0.0047755 0.0035788 0.0035757 0.0000000 0.0047714 0.0059741 0.0193377 0.0180978 0.0156745 0.0484378 0.0180978 0.0656093 0.0589941 
XM_017858805.1_380-1733 0.0494309 0.0071745 0.0071745 0.0107872 0.0095811 0.0180978 0.0180809 0.0071745 0.0071745 0.0059741 0.0011900 0.0047714 0.0000000 0.0083769 0.0193377 0.0180978 0.0156745 0.0484378 0.0180978 0.0656093 0.0589941 
XM_008003703.2_380-1733 0.0455677 0.0035757 0.0035757 0.0071685 0.0059690 0.0144304 0.0168464 0.0035757 0.0035757 0.0071812 0.0071745 0.0059741 0.0083769 0.0000000 0.0180978 0.0168622 0.0144438 0.0445583 0.0168622 0.0629174 0.0576337 
XM_032283691.1_380-1733 0.0495271 0.0168779 0.0168779 0.0180978 0.0168779 0.0156599 0.0156453 0.0144438 0.0144438 0.0205819 0.0181147 0.0193377 0.0193377 0.0180978 0.0000000 0.0035661 0.0107585 0.0497208 0.0119522 0.0682475 0.0534874 
XM_017538722.1_380-1733 0.0482025 0.0156453 0.0156453 0.0168622 0.0156453 0.0144304 0.0144170 0.0156453 0.0156453 0.0193377 0.0168779 0.0180978 0.0180978 0.0168622 0.0035661 0.0000000 0.0095468 0.0483906 0.0107386 0.0668605 0.0534350 
XM_012452238.1_380-1733 0.0457002 0.0132297 0.0132297 0.0144438 0.0132297 0.0168779 0.0168622 0.0132297 0.0132297 0.0169093 0.0144573 0.0156745 0.0156745 0.0144438 0.0107585 0.0095468 0.0000000 0.0484378 0.0107486 0.0669273 0.0560679 
XM_020286534.1_380-1733 0.0443858 0.0458336 0.0458336 0.0496722 0.0483906 0.0483906 0.0509062 0.0458336 0.0458336 0.0484852 0.0471570 0.0484378 0.0484378 0.0445583 0.0497208 0.0483906 0.0484378 0.0000000 0.0509560 0.0562783 0.0330470 
XM_002755152.4_380-1733 0.0507574 0.0156453 0.0156453 0.0168622 0.0156453 0.0168622 0.0168464 0.0156453 0.0156453 0.0193377 0.0168779 0.0180978 0.0180978 0.0168622 0.0119522 0.0107386 0.0107486 0.0509560 0.0000000 0.0668605 0.0573049 
XM_030333208.1_380-1733 0.0679075 0.0642295 0.0642295 0.0655439 0.0642295 0.0668605 0.0694307 0.0642295 0.0642295 0.0669943 0.0642936 0.0656093 0.0656093 0.0629174 0.0682475 0.0668605 0.0669273 0.0562783 0.0668605 0.0000000 0.0644865 
XM_003781198.1_380-1733 0.0574067 0.0563339 0.0563339 0.0589357 0.0576337 0.0615463 0.0588774 0.0550362 0.0550362 0.0590526 0.0576907 0.0589941 0.0589941 0.0576337 0.0534874 0.0534350 0.0560679 0.0330470 0.0573049 0.0644865 0.0000000 
